1. Number rows and columns
    * 47 columns and 2946 rows

2. Values of last column
    * The last column has 5 distinct values. 

3. Counts of last column values
    * 0 has 642
    * 1 has 15
    * 2 has 1068
    * 3 has 29
    * 4 has 1192

4. Correlation Matrix

```
[info] 1.0                     -0.08515838753061852   0.04864301699458318     0.07788055691716779    -0.038256043338387925   -0.20070844005479316   -0.005310303580432027   0.2138458271168038     -0.06633195830485579    -0.024986434524609847  -0.013489578735152568  -0.0028648346938220893  -0.009365500800196274  -0.021153115353745373   -0.022667761367743684  -0.018780302813849833   -0.005981374138125916   0.005732266521715236    0.111621361555442       -0.17361678674122707    -0.021475192978255984   -0.1101584842790092     -0.017276415511183113  -0.10258064526923577   -0.031070294756317885  -0.042551852401157865  -0.05348007103350026   -0.09783277304027337    0.039846415610237426   -0.015213956229789051  0.017021292281518916   -0.02120449030119949    0.0528180847938529      0.026638043589377422   -0.06482092842992937   -0.13868217775570996    0.022431657963521427   0.379267504465615       0.5191423641350758     0.04142707588628276     -0.07610372940374709    0.022995059460687545    -0.06449168209927862   0.06250509305309732
[info] -0.08515838753061852    1.0                    0.02074597863178863     0.030339382185619126   -0.021293518795741675   0.035765348954218124   -0.009281813515605147   -0.03390513446934659   0.02248517179414137     -0.13513851021160228   -0.11517999067437201   -0.21448733797201697    -0.07781493561198718   -0.07612411805201161    -0.0478069536122497    -0.03431407562141609    0.05396704200022208     0.061688661186114845    -0.0649199587462311     0.06636868327360407     -0.02682516092929638    0.08222825637947333     -0.08472559415355972   0.14816804475543546    0.21091848999131693    -0.0324442909569429    0.06370106507255904    0.045340103990798755    -0.12013761397612668   -0.09796552827103922   -0.03077523372964277   0.0029894605847578678   -0.058733188071934866   0.04033771654530758    -0.06517261800116161   0.013902972679981036    -0.11969086311921927   -0.07039993999964317    -0.02799831922470323   -0.16114209883032954    0.06701021381989977     0.0932597165828049      -0.06527188161669827   -0.057609661055607005
[info] 0.04864301699458318     0.02074597863178863    1.0                     0.12442058243096411    -0.0793152448705802     0.005122147975725949   0.026017562368500103    -0.03275087631857782   0.0029265160384168874   -0.02929321021368653   -0.03944648229554637   -0.04673837334046269    -0.009449470377685181  -0.007436119554221512   -0.006921537317003096  0.0464420872800537      -0.034109491302362634   -0.0012920172328910093  0.032061493814849545    -0.033062591376732134   -0.0389287026259931     0.12128495871935177     -0.04496763279041715   0.017415948810430484   0.03191202134495075    -0.07938657172277573   -0.06048812190050474   -0.04167599479831834    -0.07484842543651964   -0.07331052103692828   -0.014462614172001476  9.294139980131849E-4    -0.02710677124572025    -0.019708184958876915  -0.06408015761595066   -0.04014004362299601    -0.0677675034618369    -0.005616225843920302   0.07927971884182888    0.009641828816502128    0.07373670673108879     -0.0019014286373504419  -0.06439314185674297   0.008162964748245297
[info] 0.07788055691716779     0.030339382185619126   0.12442058243096411     1.0                    -0.05814721279485154    0.017491220566091363   -0.023009702125918075   0.0077126287105237995  -0.04088180597858376    -0.04786075736418752   -0.031168396383608243  -0.04547567768977551    -0.037115256133407035  -0.02189574057247607    -0.030043457774766677  -0.013426905281345587   -0.013664578252185242   -0.020761870812662404   0.017325246320912775    -0.07217683501740821    -0.04273415835030405    0.061221547391496635    0.024887137873242954   -0.023675504087817503  -0.03754971494011518   -0.05139713168983207   -0.034682719190199655  -0.05124181007024461    -0.018335112510170223  -0.05630666287347054   -0.011195392115793224  -0.02439276427777971    0.005134321899890575    -0.01298161178831631   -0.03559593564359045   -0.07298050791251033    0.009372146271642349   0.0629038407715466      0.12288592965652961    0.04991398501367003     0.08625393296329313     -0.022051669421230245   -0.03557595393717889   0.06230784135278896
[info] -0.038256043338387925   -0.021293518795741675  -0.0793152448705802     -0.05814721279485154   1.0                     -0.09435392551964529   0.018391389442601443    -0.009866981445785822  0.06294503414139521     0.019026572643462056   -0.01851085863231656   -0.01575669792837113    0.007800552831005779   -0.0035007866607672847  0.03583569932291649    0.02155281431460163     -0.006828909508278018   -0.0031327848915300165  0.01974520909456873     0.0393495258527342      0.016286456526315524    -0.01284485681591895    -0.009549933473213165  0.024577046161082253   -0.010386461244899012  0.011312609226027932   0.004526997670566844   0.02385157377045091     0.015593818765230088   0.007287164590526511   0.005865860979851573   0.022984768050609203    -0.01330271472606115    0.02818256260979034    0.01361445206379613    0.024122971346127866    -6.874182594330069E-5  -0.00832633363392441    -0.054949918987048894  -0.005681515023017609   -0.044123353290154335   0.011164831997014096    0.013430462908325079   -0.016444075480097572
[info] -0.20070844005479316    0.035765348954218124   0.005122147975725949    0.017491220566091363   -0.09435392551964529    1.0                    -0.05895535599439621    -0.15192494056086384   -0.02675086261214172    -0.024197028560449845  0.001899521168548791   -8.557819713004635E-4   -0.031061351416107396  0.004114589510866943    -0.006356999904273454  0.0017257256795087388   0.008424660042143848    -0.027622138422536233   -0.15251754799481892    0.02022217819477597     0.020539683087694816    0.14993989550170256     0.02748679782589034    0.10587734837926537    0.0485215769828176     -0.04979677186837696   -0.04799492684260408   -0.012363937893257296   -0.06307563344158756   -0.03526125774899517   -0.03511735124028253   -0.03615648646454213    -0.025868306837696652   -0.02916356738823873   -0.02563881086275247   -0.01909591596743361    -0.024298084382750808  -0.22451807094442405    -0.11154646468119077   -0.014444583846423158   0.10047862665798163     0.025918124510367676    -0.026981907961997485  0.006844516082239874
[info] -0.005310303580432027   -0.009281813515605147  0.026017562368500103    -0.023009702125918075  0.018391389442601443    -0.05895535599439621   1.0                     -0.029312482475395047  -0.006252818301345208   0.007426495540047218   0.006120815835561441   -0.009577336088926936   0.024442456560115417   -0.024307841011658005   0.020789729233792905   0.0018043862328087812   -0.0019189351827468702  0.013971193008134417    0.031547393207545814    0.001269626420176482    -0.055162880810161984   0.03226912294149903     0.00502441646018009    -0.0394697550904102    -0.04890426228740787   -0.04506429864462145   -0.03759868234371411   -0.03596982615193194    -0.031117722091593913  -0.03467374676478168   -0.010698862570933259  0.006986037428459408    -0.026603125124971618   -0.010908977522363228  -0.0680508710154908    -0.05055853997881518    -0.06460926758450654   -0.016174077239484733   0.03589593173905266    0.05482400400827772     -0.03361731640444956    -0.058980674886224785   -0.06700145735841528   -0.040505404490735364
[info] 0.2138458271168038      -0.03390513446934659   -0.03275087631857782    0.0077126287105237995  -0.009866981445785822   -0.15192494056086384   -0.029312482475395047   1.0                    -0.009220812565072503   0.001447620145263134   -0.00892919875522022   -0.006700486430773777   0.015368179877925396   0.007893115480292118    0.01712114784374887    -0.020003441806248187   0.015861447175789013    0.006321764322193332    0.14102580360815614     -0.06872134683449717    0.03091304788799825     -0.10897170654824827    -0.06422240220173578   -0.06650962264157663   -0.006319325237368702  -0.06177940235425145   -0.03782431035519658   -0.06139156296782136    -0.03635342721130063   -0.05242088547672017   -0.004802737912043838  -0.008290413412029045   -5.833228655641838E-5   -0.01758998648638989   -0.05363947235607859   -0.07215292053867622    -0.020962223375250798  0.4463003724827426      0.18006059167274355    0.0053988394198698116   -0.025322305540356013   -0.02256645410772288    -0.05247923990909654   0.025932829167856667
[info] -0.06633195830485579    0.02248517179414137    0.0029265160384168874   -0.04088180597858376   0.06294503414139521     -0.02675086261214172   -0.006252818301345208   -0.009220812565072503  1.0                     0.3649136564260078     0.10414345005718642    0.09382067005955425     0.058014662274532336   0.03197445857905611     0.0019978196704080213  -0.008042107240733124   0.015692646819330944    0.03340274232129205     -0.006092867066651312   0.04568830181738323     0.046841096740647716    -0.007248532352277504   0.013816419542477639   0.039980831246354716   0.012397912401420892   0.02884306058263182    0.03128656662624969    0.02840612043745708     -0.013977487586449776  0.036923910505627586   0.00417836525962486    0.005277956557673024    0.002062867764185063    0.00498980378164759    -0.02485830622807922   -0.010985565999386692   -0.030542726165175272  -0.007894090551403783   -0.04860457266017865   -0.0019925361144561946  -0.012106740463745602   -0.04396391652334875    -0.02379670834070688   -0.07386602617667586
[info] -0.024986434524609847   -0.13513851021160228   -0.02929321021368653    -0.04786075736418752   0.019026572643462056    -0.024197028560449845  0.007426495540047218    0.001447620145263134   0.3649136564260078      1.0                    0.6220950808073102     0.6683456878552747      0.36787142779545845    0.14399430953975345     0.2635425503207414     0.04921770197941932     -0.029827074032384892   -0.05855176214871298    0.10295927551524112     0.025252751453931473    0.08265228733821138     -0.052957883189267925   0.020619550597604237   -0.038108093329693477  -0.038774138810678975  -0.07452543419076342   -0.0851281966845439    -0.1090879519480511     -0.01329674650638539   -0.03795987562387171   -0.04871775074892129   -0.05258687252319986    -0.03336197651090743    -0.047638105173286246  -0.08052724301784432   -0.07920376793569832    -0.05848054559590627   0.014790855215133068    -0.06830297093288064   0.05991170986142857     0.005885699549186746    -0.09172763606725898    -0.07927152206892052   -0.06435960705069149
[info] -0.013489578735152568   -0.11517999067437201   -0.03944648229554637    -0.031168396383608243  -0.01851085863231656    0.001899521168548791   0.006120815835561441    -0.00892919875522022   0.10414345005718642     0.6220950808073102     1.0                    0.8161803921168349      0.4852527331068472     0.168031108999374       0.2743661394076912     0.03093206722577469     -0.043823741882573326   -0.0727842498499714     0.12196250690443068     0.012536610122241968    0.11165406632571237     -0.06624439114307629    0.04053699585022834    -0.03749561286006672   -0.041537701689367205  -0.141218107370853     -0.15701650632771855   -0.15718350165106446    -0.05091677907264441   -0.08525848639330771   -0.10839762590675533   -0.11125152051531331    -0.08021615050480457    -0.10616681721133757   -0.13387628012369493   -0.12935116977297118    -0.09938036197773795   0.008030412980904926    -0.06690330372070706   0.08227050501009668     0.011853895152051945    -0.11535435900678732    -0.1316846059451532    -0.08963705579474984
[info] -0.0028648346938220893  -0.21448733797201697   -0.04673837334046269    -0.04547567768977551   -0.01575669792837113    -8.557819713004635E-4  -0.009577336088926936   -0.006700486430773777  0.09382067005955425     0.6683456878552747     0.8161803921168349     1.0                     0.47851019654696986    0.1820829562808601      0.3137433546790251     0.06103224203141588     -0.04701762512401548    -0.06510095885145831    0.11255867257139661     0.015352076208682125    0.10026900385356771     -0.08392180796160206    0.03727740472769574    -0.06461316162182901   -0.05149462897818189   -0.12534326922314826   -0.15013760474303575   -0.13869612910329723    -0.04024188114914197   -0.06805768072282536   -0.07972059657774826   -0.08395252823478976    -0.056776212390116314   -0.07862911536939533   -0.10284467409086322   -0.10750351006848073    -0.0687981555420288    0.01586924263489496     -0.08812273550674041   0.08962164323698786     0.017372549522660048    -0.1072332269625283     -0.10128613786016623   -0.04361273300096045
[info] -0.009365500800196274   -0.07781493561198718   -0.009449470377685181   -0.037115256133407035  0.007800552831005779    -0.031061351416107396  0.024442456560115417    0.015368179877925396   0.058014662274532336    0.36787142779545845    0.4852527331068472     0.47851019654696986     1.0                    0.26751260562791584     0.391338953782932      0.15345094069557044     -0.03665549507828553    -0.039866058995727344   0.12303541495399757     0.01659445055113145     0.03424138782164343     -0.058485349440707476   0.027142018239158263   -0.01639510666479306   -0.032587069136239294  -0.07217212479533001   -0.0783245240554902    -0.08592729523587316    -0.018502887560528522  -0.052589815474868996  -0.09376674149043186   -0.07793131137158008    -0.08842587163528429    -0.0904160764468318    -0.053229812347146785  -0.04266052004015951    -0.04764968749297116   0.026732456843965323    -0.0454638902126273    0.044836242925435345    0.01837953767529385     -0.05490515245051796    -0.05238932773950007   -0.050227542142112426
[info] -0.021153115353745373   -0.07612411805201161   -0.007436119554221512   -0.02189574057247607   -0.0035007866607672847  0.004114589510866943   -0.024307841011658005   0.007893115480292118   0.03197445857905611     0.14399430953975345    0.168031108999374      0.1820829562808601      0.26751260562791584    1.0                     0.2387364965400113     0.2956071682281911      -0.005003092986778876   -0.03211310186879466    0.025260428193780587    0.0013575706684479218   0.06836496450943859     -0.01386824917632372    0.041102796489694546   0.007603806315403759   -0.03789098548855999   -0.020353351499094213  -0.028968949483633717  -0.030683634652400815   0.0026625392250479818  -0.009519536794900911  -0.044074443036181826  -0.04873793585084943    -0.02897253484644438    -0.05231984258345217   -0.034782719750691866  -0.021316766815446007   -0.03722137350340511   0.001511869554819918    -0.017049498571096184  0.04962356516918055     0.032830897532354436    -0.05506448628294119    -0.03412591331313743   -0.05074193432594396
[info] -0.022667761367743684   -0.0478069536122497    -0.006921537317003096   -0.030043457774766677  0.03583569932291649     -0.006356999904273454  0.020789729233792905    0.01712114784374887    0.0019978196704080213   0.2635425503207414     0.2743661394076912     0.3137433546790251      0.391338953782932      0.2387364965400113      1.0                    0.19340078964739577     -0.023529176253630546   -0.051430311934165154   0.05323727924988039     0.01484249342262274     0.013460123515352324    -0.02836725813294164    -0.019975149790197707  0.004638703375365219   -0.008652259883931675  -0.04676372185333194   -0.04846336573573823   -0.06714508249986295    -0.003867070252027624  -0.03569037625777627   -0.041496277394001364  -0.03658597386067223    -0.036951085342509876   -0.0381696974248324    -0.007698782454015923  -0.007957332502047698   -0.005233793221012222  -0.001626940062975533   -0.035947156100090936  0.0029928376344387293   0.0035498721866697343   -0.004246230393196808   -0.006248427198382155  -0.027396128074832226
[info] -0.018780302813849833   -0.03431407562141609   0.0464420872800537      -0.013426905281345587  0.02155281431460163     0.0017257256795087388  0.0018043862328087812   -0.020003441806248187  -0.008042107240733124   0.04921770197941932    0.03093206722577469    0.06103224203141588     0.15345094069557044    0.2956071682281911      0.19340078964739577    1.0                     -0.02657225582195358    -0.01506862240938065    0.0391420319467687      0.020782493398170832    0.0567245454537412      0.010032521976885778    -0.00954781892711932   -0.0084231073060548    -0.021737661130954416  0.018131615518443115   0.008149222310899939   -0.023457721674821703   0.0490901092016594     0.026893785818913676   0.005784271052310637   -0.009924962280498925   0.02077691773577036     0.01632662271237853    0.024729145547331088   0.010199774740706068    0.031060022224994405   -0.02066874486018312    -0.008945538422587836  0.020146003174738737    -0.0011450896084614134  -0.004727968976750198   0.025002435725496555   -0.021704613395148908
[info] -0.005981374138125916   0.05396704200022208    -0.034109491302362634   -0.013664578252185242  -0.006828909508278018   0.008424660042143848   -0.0019189351827468702  0.015861447175789013   0.015692646819330944    -0.029827074032384892  -0.043823741882573326  -0.04701762512401548    -0.03665549507828553   -0.005003092986778876   -0.023529176253630546  -0.02657225582195358    1.0                     0.21905585476813894     0.02285495607204326     -0.003910355113450264   5.779964855158879E-4    0.0032145293522460733   0.04613600956393131    -0.010950749882417196  -0.0594691341513079    -0.05566107720372378   0.014472726996947956   0.0021632320504643347   -0.13117789052811665   -0.07730580044074607   -0.023730855314126425  -0.004870544068274097   -0.03782633281758763    -0.018020074103565348  -0.012233693503250914  0.042632943338229014    -0.05959510223997514   0.03316594480280242     0.009999743343508088   0.07477753026796875     0.0017417472990456195   -0.03622343981970834    -0.014140991559135318  -8.689455958369837E-4
[info] 0.005732266521715236    0.061688661186114845   -0.0012920172328910093  -0.020761870812662404  -0.0031327848915300165  -0.027622138422536233  0.013971193008134417    0.006321764322193332   0.03340274232129205     -0.05855176214871298   -0.0727842498499714    -0.06510095885145831    -0.039866058995727344  -0.03211310186879466    -0.051430311934165154  -0.01506862240938065    0.21905585476813894     1.0                     -0.008647519800380065   0.0021362221729431478   0.010520438920039118    0.003198223666783735    0.07399788747425422    -0.029702048559526916  -0.0641824799566177    -0.053517878812265864  -0.012829217028236894  0.004702186927351765    -0.11552785115621383   -0.06063101535693375   -0.009054931748218184  0.007485774038820392    -0.024151577316594824   -0.01940748106662397   -0.0581438772248907    -0.001920189060242599   -0.09349494758545221   0.02510947604411176     -0.01106756557124924   0.06925207861289993     -0.007560192064171963   -0.0355875837145074     -0.05765953174146872   -0.02366492543014119
[info] 0.111621361555442       -0.0649199587462311    0.032061493814849545    0.017325246320912775   0.01974520909456873     -0.15251754799481892   0.031547393207545814    0.14102580360815614    -0.006092867066651312   0.10295927551524112    0.12196250690443068    0.11255867257139661     0.12303541495399757    0.025260428193780587    0.05323727924988039    0.0391420319467687      0.02285495607204326     -0.008647519800380065   1.0                     -0.026815081687554233   3.438418147971935E-4    -0.0030041949782654465  0.01787670366025491    -0.0889700645600496    -0.08489232644491236   -0.08982283842496319   -0.08955236213537772   -0.08180835222201722    -0.05182275347507433   -0.06210965994837935   -0.0300607034184837    -0.021243222410828714   -0.03223901241198209    -0.03576606923458147   -0.09629674665612295   -0.1051032334522606     -0.06029516085355338   0.1986259226992881      0.14118122055124946    0.10863508450074878     -0.036176163856880814   -0.11160262493650613    -0.09303307571128704   -0.03640437411782355
[info] -0.17361678674122707    0.06636868327360407    -0.033062591376732134   -0.07217683501740821   0.0393495258527342      0.02022217819477597    0.001269626420176482    -0.06872134683449717   0.04568830181738323     0.025252751453931473   0.012536610122241968   0.015352076208682125    0.01659445055113145    0.0013575706684479218   0.01484249342262274    0.020782493398170832    -0.003910355113450264   0.0021362221729431478   -0.026815081687554233   1.0                     -0.0020470717895867924  0.045860255408707744    -0.010889676607425697  0.08154599452424072    0.10402613328643673    0.12089681555218318    0.11133951840598       0.10382240578857084     0.04994695812670327    0.11002642835914363    0.016246528740636482   0.02464438687845607     0.0037335555590663145   0.016978148949427212   0.07929592501910716    0.10038679963962199     0.03681234762316474    -0.12132661225415316    -0.12599438907038674   -0.15186743514258763    0.04257020581878926     -0.0071235347546089196  0.0817616559164475     -0.38851210839337164
[info] -0.021475192978255984   -0.02682516092929638   -0.0389287026259931     -0.04273415835030405   0.016286456526315524    0.020539683087694816   -0.055162880810161984   0.03091304788799825    0.046841096740647716    0.08265228733821138    0.11165406632571237    0.10026900385356771     0.03424138782164343    0.06836496450943859     0.013460123515352324   0.0567245454537412      5.779964855158879E-4    0.010520438920039118    3.438418147971935E-4    -0.0020470717895867924  1.0                     -0.00907039556268706    0.025893700413748028   0.0022402178358710352  -0.002433866720550517  -0.0147962348586383    -0.015653000433569077  -0.003458768650391572   -0.02715000687114127   -0.006866108726980746  -0.0637638886443574    -0.06812887292509726    -0.04439266370520269    -0.044438048855323556  -0.04694196978204639   -0.04255991626477937    -0.037439574483817024  -0.00764346162582537    -0.041197409138238654  0.01790389422469629     -0.02821241270295309    -0.03376988863103827    -0.047385656302455816  -0.21478089709003198
[info] -0.1101584842790092     0.08222825637947333    0.12128495871935177     0.061221547391496635   -0.01284485681591895    0.14993989550170256    0.03226912294149903     -0.10897170654824827   -0.007248532352277504   -0.052957883189267925  -0.06624439114307629   -0.08392180796160206    -0.058485349440707476  -0.01386824917632372    -0.02836725813294164   0.010032521976885778    0.0032145293522460733   0.003198223666783735    -0.0030041949782654465  0.045860255408707744    -0.00907039556268706    1.0                     0.007487050837011327   0.09319021721722807    0.11774435981746088    0.0024494295071486984  0.0010891768343731408  0.032189153861927604    -0.02820097867262826   2.0529692653241171E-4  -0.009297535710503808  -0.004618012458438749   -0.01200176809560208    -0.024306532105406405  0.0039754389514005525  -0.0027916044121616096  0.009103911001919391   -0.25345673003476293    0.3069772183430006     -0.10938600456068061    0.03822276965561449     0.09277076480365547     0.004658438488623178   -0.03372989741114535
[info] -0.017276415511183113   -0.08472559415355972   -0.04496763279041715    0.024887137873242954   -0.009549933473213165   0.02748679782589034    0.00502441646018009     -0.06422240220173578   0.013816419542477639    0.020619550597604237   0.04053699585022834    0.03727740472769574     0.027142018239158263   0.041102796489694546    -0.019975149790197707  -0.00954781892711932    0.04613600956393131     0.07399788747425422     0.01787670366025491     -0.010889676607425697   0.025893700413748028    0.007487050837011327    1.0                    -0.25205932416009075   -0.43412706078027774   -0.12796906046591214   -0.11081854104187754   -0.07492285039625324    -0.1164503044522816    -0.11094314267876801   -0.02699611161585674   -0.02055033348462665    -0.02742060444853297    -0.016037910962182936  -0.14305781992441394   -0.1231213712463283     -0.12020459328924687   -0.03813104299408009    -0.008889386513413628  0.43379431917000816     -0.035628140713923215   -0.24343542849901945    -0.14427542710888383   -0.08436783409623642
[info] -0.10258064526923577    0.14816804475543546    0.017415948810430484    -0.023675504087817503  0.024577046161082253    0.10587734837926537    -0.0394697550904102     -0.06650962264157663   0.039980831246354716    -0.038108093329693477  -0.03749561286006672   -0.06461316162182901    -0.01639510666479306   0.007603806315403759    0.004638703375365219   -0.0084231073060548     -0.010950749882417196   -0.029702048559526916   -0.0889700645600496     0.08154599452424072     0.0022402178358710352   0.09319021721722807     -0.25205932416009075   1.0                    0.5896349250736759     0.12689199848545185    0.10585758562781271    0.07468748689927339     0.12715809390789642    0.10388749042769448    0.06433149888866586    0.051503381866391376    0.06270958536736151     0.057575658080792395   0.13043398978350498    0.11650712466403558     0.10565455710282154    -0.08787629179101729    -0.06560723590441624   -0.5224147905820792     0.11277042558499258     0.3376396525059278      0.1300486202053533     0.014438997854808054
[info] -0.031070294756317885   0.21091848999131693    0.03191202134495075     -0.03754971494011518   -0.010386461244899012   0.0485215769828176     -0.04890426228740787    -0.006319325237368702  0.012397912401420892    -0.038774138810678975  -0.041537701689367205  -0.05149462897818189    -0.032587069136239294  -0.03789098548855999    -0.008652259883931675  -0.021737661130954416   -0.0594691341513079     -0.0641824799566177     -0.08489232644491236    0.10402613328643673     -0.002433866720550517   0.11774435981746088     -0.43412706078027774   0.5896349250736759     1.0                    0.17553988371266166    0.15244832311444956    0.10125134791723275     0.18155168073663283    0.13982523805993854    0.08815975540953878    0.07544380123427154     0.08087872525336935     0.07677192153644154    0.18726560823400834    0.15845880365958462     0.15986382626660112    -0.032448822646460984   -0.016580343155306855  -0.8594648010736496     0.12441177058326769     0.5337715504405962      0.1889450105768829     0.03242095878714707
[info] -0.042551852401157865   -0.0324442909569429    -0.07938657172277573    -0.05139713168983207   0.011312609226027932    -0.04979677186837696   -0.04506429864462145    -0.06177940235425145   0.02884306058263182     -0.07452543419076342   -0.141218107370853     -0.12534326922314826    -0.07217212479533001   -0.020353351499094213   -0.04676372185333194   0.018131615518443115    -0.05566107720372378    -0.053517878812265864   -0.08982283842496319    0.12089681555218318     -0.0147962348586383     0.0024494295071486984   -0.12796906046591214   0.12689199848545185    0.17553988371266166    1.0                    0.8217029411740384     0.772230414070223       0.7419443863596432     0.8378413032556382     0.2286223543036861     0.2068053147901353      0.19813505608750206     0.19484676790248479    0.32706753135319344    0.27800028169197544     0.27805411644313477    -0.043278060528112845   -0.034541095321129055  -0.439224099142377      -0.016057917500574805   0.3328439220275864      0.32643125209891444    0.02283386538950791
[info] -0.05348007103350026    0.06370106507255904    -0.06048812190050474    -0.034682719190199655  0.004526997670566844    -0.04799492684260408   -0.03759868234371411    -0.03782431035519658   0.03128656662624969     -0.0851281966845439    -0.15701650632771855   -0.15013760474303575    -0.0783245240554902    -0.028968949483633717   -0.04846336573573823   0.008149222310899939    0.014472726996947956    -0.012829217028236894   -0.08955236213537772    0.11133951840598        -0.015653000433569077   0.0010891768343731408   -0.11081854104187754   0.10585758562781271    0.15244832311444956    0.8217029411740384     1.0                    0.6115979779577791      0.46805165442403285    0.5226884766301093     0.17993077354190506    0.17278969878682532     0.14550571963492565     0.181188531114329      0.26776128477903127    0.2635119939888598      0.19431332481074384    -0.04279153879018165    -0.05336036021792168   -0.3673797028127058     -0.019348073821539177   0.2779418248216231      0.2666685543187501     0.011459688732406123
[info] -0.09783277304027337    0.045340103990798755   -0.04167599479831834    -0.05124181007024461   0.02385157377045091     -0.012363937893257296  -0.03596982615193194    -0.06139156296782136   0.02840612043745708     -0.1090879519480511    -0.15718350165106446   -0.13869612910329723    -0.08592729523587316   -0.030683634652400815   -0.06714508249986295   -0.023457721674821703   0.0021632320504643347   0.004702186927351765    -0.08180835222201722    0.10382240578857084     -0.003458768650391572   0.032189153861927604    -0.07492285039625324   0.07468748689927339    0.10125134791723275    0.772230414070223      0.6115979779577791     1.0                     0.31344372003619864    0.526401284399016      0.15809105456887515    0.17596486224217545     0.1027297064676956      0.13911034626817392    0.2293830953837106     0.24956206419049054     0.14436643582123826    -0.0456114496164718     -0.08079943991066264   -0.3084272447546629     -0.0013847109890714091  0.235708048408313       0.22812607938620166    0.0027222801014721706
[info] 0.039846415610237426    -0.12013761397612668   -0.07484842543651964    -0.018335112510170223  0.015593818765230088    -0.06307563344158756   -0.031117722091593913   -0.03635342721130063   -0.013977487586449776   -0.01329674650638539   -0.05091677907264441   -0.04024188114914197    -0.018502887560528522  0.0026625392250479818   -0.003867070252027624  0.0490901092016594      -0.13117789052811665    -0.11552785115621383    -0.05182275347507433    0.04994695812670327     -0.02715000687114127    -0.02820097867262826    -0.1164503044522816    0.12715809390789642    0.18155168073663283    0.7419443863596432     0.46805165442403285    0.31344372003619864     1.0                    0.6354615198488616     0.2021473039154219     0.14290628721128537     0.21674016693604012     0.15509041592749281    0.27953655709682       0.16591010545162158     0.3041494095368321     -0.004001769374224482   0.03657554542219719    -0.3716184403978598     -0.021830296282437885   0.2852579047634949      0.27905312931803916    0.043245570370027665
[info] -0.015213956229789051   -0.09796552827103922   -0.07331052103692828    -0.05630666287347054   0.007287164590526511    -0.03526125774899517   -0.03467374676478168    -0.05242088547672017   0.036923910505627586    -0.03795987562387171   -0.08525848639330771   -0.06805768072282536    -0.052589815474868996  -0.009519536794900911   -0.03569037625777627   0.026893785818913676    -0.07730580044074607    -0.06063101535693375    -0.06210965994837935    0.11002642835914363     -0.006866108726980746   2.0529692653241171E-4   -0.11094314267876801   0.10388749042769448    0.13982523805993854    0.8378413032556382     0.5226884766301093     0.526401284399016       0.6354615198488616     1.0                    0.19391822906905037    0.165157690429483       0.1787245731364131      0.14819553597351695    0.271203733750217      0.20066752161854584     0.25825214927052714    -0.04108335249429479    -0.005342502261292939  -0.36384753972155903    -0.005450224665043516   0.27098573959084804     0.271552692597438      0.02364452355186429
[info] 0.017021292281518916    -0.03077523372964277   -0.014462614172001476   -0.011195392115793224  0.005865860979851573    -0.03511735124028253   -0.010698862570933259   -0.004802737912043838  0.00417836525962486     -0.04871775074892129   -0.10839762590675533   -0.07972059657774826    -0.09376674149043186   -0.044074443036181826   -0.041496277394001364  0.005784271052310637    -0.023730855314126425   -0.009054931748218184   -0.0300607034184837     0.016246528740636482    -0.0637638886443574     -0.009297535710503808   -0.02699611161585674   0.06433149888866586    0.08815975540953878    0.2286223543036861     0.17993077354190506    0.15809105456887515     0.2021473039154219     0.19391822906905037    1.0                    0.8906526570265878      0.8811240149080688      0.751658318502811      0.2897992916724413     0.2400900788828839      0.252152867022894      -0.008653405859882404   -0.003682766921193598  -0.21523122826919333    -0.010131570900108853   0.1376833838528431      0.29261570091304917    0.03888150492052755
[info] -0.02120449030119949    0.0029894605847578678  9.294139980131849E-4    -0.02439276427777971   0.022984768050609203    -0.03615648646454213   0.006986037428459408    -0.008290413412029045  0.005277956557673024    -0.05258687252319986   -0.11125152051531331   -0.08395252823478976    -0.07793131137158008   -0.04873793585084943    -0.03658597386067223   -0.009924962280498925   -0.004870544068274097   0.007485774038820392    -0.021243222410828714   0.02464438687845607     -0.06812887292509726    -0.004618012458438749   -0.02055033348462665   0.051503381866391376   0.07544380123427154    0.2068053147901353     0.17278969878682532    0.17596486224217545     0.14290628721128537    0.165157690429483      0.8906526570265878     1.0                     0.5697619244213457      0.6987752056556883     0.25956165954948635    0.2620059781943601      0.1822742462488479     -0.012992167008024734   -0.028526357846151127  -0.19571317110890632    -0.0019544504553893425  0.11153225233813575     0.2623737561257516     0.027845595666268222
[info] 0.0528180847938529      -0.058733188071934866  -0.02710677124572025    0.005134321899890575   -0.01330271472606115    -0.025868306837696652  -0.026603125124971618   -5.833228655641838E-5  0.002062867764185063    -0.03336197651090743   -0.08021615050480457   -0.056776212390116314   -0.08842587163528429   -0.02897253484644438    -0.036951085342509876  0.02077691773577036     -0.03782633281758763    -0.024151577316594824   -0.03223901241198209    0.0037335555590663145   -0.04439266370520269    -0.01200176809560208    -0.02742060444853297   0.06270958536736151    0.08087872525336935    0.19813505608750206    0.14550571963492565    0.1027297064676956      0.21674016693604012    0.1787245731364131     0.8811240149080688     0.5697619244213457      1.0                     0.6318222456076609     0.2538398756880833     0.1614518224839918      0.26617783730343797    -0.0021281785728078794  0.023011921515019323   -0.18546770224074852    -0.016279411632649163   0.13285611879049444     0.2560056720897009     0.041315322740301946
[info] 0.026638043589377422    0.04033771654530758    -0.019708184958876915   -0.01298161178831631   0.02818256260979034     -0.02916356738823873   -0.010908977522363228   -0.01758998648638989   0.00498980378164759     -0.047638105173286246  -0.10616681721133757   -0.07862911536939533    -0.0904160764468318    -0.05231984258345217    -0.0381696974248324    0.01632662271237853     -0.018020074103565348   -0.01940748106662397    -0.03576606923458147    0.016978148949427212    -0.044438048855323556   -0.024306532105406405   -0.016037910962182936  0.057575658080792395   0.07677192153644154    0.19484676790248479    0.181188531114329      0.13911034626817392     0.15509041592749281    0.14819553597351695    0.751658318502811      0.6987752056556883      0.6318222456076609      1.0                    0.21909863312019986    0.2077156439418245      0.16633302321458435    6.134919367004817E-4    -0.009199199447763932  -0.18056794428925327    -0.03355398425283349    0.11907661934167259     0.2199288215610566     0.021627681797432748
[info] -0.06482092842992937    -0.06517261800116161   -0.06408015761595066    -0.03559593564359045   0.01361445206379613     -0.02563881086275247   -0.0680508710154908     -0.05363947235607859   -0.02485830622807922    -0.08052724301784432   -0.13387628012369493   -0.10284467409086322    -0.053229812347146785  -0.034782719750691866   -0.007698782454015923  0.024729145547331088    -0.012233693503250914   -0.0581438772248907     -0.09629674665612295    0.07929592501910716     -0.04694196978204639    0.0039754389514005525   -0.14305781992441394   0.13043398978350498    0.18726560823400834    0.32706753135319344    0.26776128477903127    0.2293830953837106      0.27953655709682       0.271203733750217      0.2897992916724413     0.25956165954948635     0.2538398756880833      0.21909863312019986    1.0                    0.8373391267940765      0.8618675453016966     -0.04052398083280714    -0.04340364887338538   -0.3809426547942231     0.026393563073671043    0.3305452384055552      0.9989746341358117     0.03520845910231151
[info] -0.13868217775570996    0.013902972679981036   -0.04014004362299601    -0.07298050791251033   0.024122971346127866    -0.01909591596743361   -0.05055853997881518    -0.07215292053867622   -0.010985565999386692   -0.07920376793569832   -0.12935116977297118   -0.10750351006848073    -0.04266052004015951   -0.021316766815446007   -0.007957332502047698  0.010199774740706068    0.042632943338229014    -0.001920189060242599   -0.1051032334522606     0.10038679963962199     -0.04255991626477937    -0.0027916044121616096  -0.1231213712463283    0.11650712466403558    0.15845880365958462    0.27800028169197544    0.2635119939888598     0.24956206419049054     0.16591010545162158    0.20066752161854584    0.2400900788828839     0.2620059781943601      0.1614518224839918      0.2077156439418245     0.8373391267940765     1.0                     0.44443377274597534    -0.07267708751030952    -0.15059050050978462   -0.3226904713899404     0.06720787067776092     0.2633452413893784      0.8363171323713104     -0.0033108717036038652
[info] 0.022431657963521427    -0.11969086311921927   -0.0677675034618369     0.009372146271642349   -6.874182594330069E-5   -0.024298084382750808  -0.06460926758450654    -0.020962223375250798  -0.030542726165175272   -0.05848054559590627   -0.09938036197773795   -0.0687981555420288     -0.04764968749297116   -0.03722137350340511    -0.005233793221012222  0.031060022224994405    -0.05959510223997514    -0.09349494758545221    -0.06029516085355338    0.03681234762316474     -0.037439574483817024   0.009103911001919391    -0.12020459328924687   0.10565455710282154    0.15986382626660112    0.27805411644313477    0.19431332481074384    0.14436643582123826     0.3041494095368321     0.25825214927052714    0.252152867022894      0.1822742462488479      0.26617783730343797     0.16633302321458435    0.8618675453016966     0.44443377274597534     1.0                    0.0010154414363247692   0.06857342807585017    -0.324878397857701      -0.019096406631791553   0.29734759406075517     0.8611354087471647     0.060764930741545986
[info] 0.379267504465615       -0.07039993999964317   -0.005616225843920302   0.0629038407715466     -0.00832633363392441    -0.22451807094442405   -0.016174077239484733   0.4463003724827426     -0.007894090551403783   0.014790855215133068   0.008030412980904926   0.01586924263489496     0.026732456843965323   0.001511869554819918    -0.001626940062975533  -0.02066874486018312    0.03316594480280242     0.02510947604411176     0.1986259226992881      -0.12132661225415316    -0.00764346162582537    -0.25345673003476293    -0.03813104299408009   -0.08787629179101729   -0.032448822646460984  -0.043278060528112845  -0.04279153879018165   -0.0456114496164718     -0.004001769374224482  -0.04108335249429479   -0.008653405859882404  -0.012992167008024734   -0.0021281785728078794  6.134919367004817E-4   -0.04052398083280714   -0.07267708751030952    0.0010154414363247692  1.0                     0.18704835078336993    0.04388859377815803     -0.03741022301473734    -0.03438396096702682    -0.041022189260342984  0.051393866066155904
