1. Number rows and columns
    * 47 columns and 2946 rows

2. Values of last column
    * The last column has 5 distinct values. 

3. Counts of last column values
    * 0 has 642
    * 1 has 15
    * 2 has 1068
    * 3 has 29
    * 4 has 1192

4. Correlation Matrix

```
[info] 1.0                    -0.017276415511183113  -0.10258064526923577  -0.031070294756317885  -0.042551852401157865  -0.05348007103350026  -0.09783277304027337  0.039846415610237426  -0.015213956229789051  0.017021292281518916  -0.02120449030119949  0.0528180847938529    0.026638043589377422   -0.06482092842992937  -0.13868217775570996  0.022431657963521427  0.022995059460687545  -0.06449168209927862
[info] -0.017276415511183113  1.0                    -0.25205932416009075  -0.43412706078027774   -0.12796906046591214   -0.11081854104187754  -0.07492285039625324  -0.1164503044522816   -0.11094314267876801   -0.02699611161585674  -0.02055033348462665  -0.02742060444853297  -0.016037910962182936  -0.14305781992441394  -0.1231213712463283   -0.12020459328924687  -0.24343542849901945  -0.14427542710888383
[info] -0.10258064526923577   -0.25205932416009075   1.0                   0.5896349250736759     0.12689199848545185    0.10585758562781271   0.07468748689927339   0.12715809390789642   0.10388749042769448    0.06433149888866586   0.051503381866391376  0.06270958536736151   0.057575658080792395   0.13043398978350498   0.11650712466403558   0.10565455710282154   0.3376396525059278    0.1300486202053533
[info] -0.031070294756317885  -0.43412706078027774   0.5896349250736759    1.0                    0.17553988371266166    0.15244832311444956   0.10125134791723275   0.18155168073663283   0.13982523805993854    0.08815975540953878   0.07544380123427154   0.08087872525336935   0.07677192153644154    0.18726560823400834   0.15845880365958462   0.15986382626660112   0.5337715504405962    0.1889450105768829
[info] -0.042551852401157865  -0.12796906046591214   0.12689199848545185   0.17553988371266166    1.0                    0.8217029411740384    0.772230414070223     0.7419443863596432    0.8378413032556382     0.2286223543036861    0.2068053147901353    0.19813505608750206   0.19484676790248479    0.32706753135319344   0.27800028169197544   0.27805411644313477   0.3328439220275864    0.32643125209891444
[info] -0.05348007103350026   -0.11081854104187754   0.10585758562781271   0.15244832311444956    0.8217029411740384     1.0                   0.6115979779577791    0.46805165442403285   0.5226884766301093     0.17993077354190506   0.17278969878682532   0.14550571963492565   0.181188531114329      0.26776128477903127   0.2635119939888598    0.19431332481074384   0.2779418248216231    0.2666685543187501
[info] -0.09783277304027337   -0.07492285039625324   0.07468748689927339   0.10125134791723275    0.772230414070223      0.6115979779577791    1.0                   0.31344372003619864   0.526401284399016      0.15809105456887515   0.17596486224217545   0.1027297064676956    0.13911034626817392    0.2293830953837106    0.24956206419049054   0.14436643582123826   0.235708048408313     0.22812607938620166
[info] 0.039846415610237426   -0.1164503044522816    0.12715809390789642   0.18155168073663283    0.7419443863596432     0.46805165442403285   0.31344372003619864   1.0                   0.6354615198488616     0.2021473039154219    0.14290628721128537   0.21674016693604012   0.15509041592749281    0.27953655709682      0.16591010545162158   0.3041494095368321    0.2852579047634949    0.27905312931803916
[info] -0.015213956229789051  -0.11094314267876801   0.10388749042769448   0.13982523805993854    0.8378413032556382     0.5226884766301093    0.526401284399016     0.6354615198488616    1.0                    0.19391822906905037   0.165157690429483     0.1787245731364131    0.14819553597351695    0.271203733750217     0.20066752161854584   0.25825214927052714   0.27098573959084804   0.271552692597438
[info] 0.017021292281518916   -0.02699611161585674   0.06433149888866586   0.08815975540953878    0.2286223543036861     0.17993077354190506   0.15809105456887515   0.2021473039154219    0.19391822906905037    1.0                   0.8906526570265878    0.8811240149080688    0.751658318502811      0.2897992916724413    0.2400900788828839    0.252152867022894     0.1376833838528431    0.29261570091304917
[info] -0.02120449030119949   -0.02055033348462665   0.051503381866391376  0.07544380123427154    0.2068053147901353     0.17278969878682532   0.17596486224217545   0.14290628721128537   0.165157690429483      0.8906526570265878    1.0                   0.5697619244213457    0.6987752056556883     0.25956165954948635   0.2620059781943601    0.1822742462488479    0.11153225233813575   0.2623737561257516
[info] 0.0528180847938529     -0.02742060444853297   0.06270958536736151   0.08087872525336935    0.19813505608750206    0.14550571963492565   0.1027297064676956    0.21674016693604012   0.1787245731364131     0.8811240149080688    0.5697619244213457    1.0                   0.6318222456076609     0.2538398756880833    0.1614518224839918    0.26617783730343797   0.13285611879049444   0.2560056720897009
[info] 0.026638043589377422   -0.016037910962182936  0.057575658080792395  0.07677192153644154    0.19484676790248479    0.181188531114329     0.13911034626817392   0.15509041592749281   0.14819553597351695    0.751658318502811     0.6987752056556883    0.6318222456076609    1.0                    0.21909863312019986   0.2077156439418245    0.16633302321458435   0.11907661934167259   0.2199288215610566
[info] -0.06482092842992937   -0.14305781992441394   0.13043398978350498   0.18726560823400834    0.32706753135319344    0.26776128477903127   0.2293830953837106    0.27953655709682      0.271203733750217      0.2897992916724413    0.25956165954948635   0.2538398756880833    0.21909863312019986    1.0                   0.8373391267940765    0.8618675453016966    0.3305452384055552    0.9989746341358117
[info] -0.13868217775570996   -0.1231213712463283    0.11650712466403558   0.15845880365958462    0.27800028169197544    0.2635119939888598    0.24956206419049054   0.16591010545162158   0.20066752161854584    0.2400900788828839    0.2620059781943601    0.1614518224839918    0.2077156439418245     0.8373391267940765    1.0                   0.44443377274597534   0.2633452413893784    0.8363171323713104
[info] 0.022431657963521427   -0.12020459328924687   0.10565455710282154   0.15986382626660112    0.27805411644313477    0.19431332481074384   0.14436643582123826   0.3041494095368321    0.25825214927052714    0.252152867022894     0.1822742462488479    0.26617783730343797   0.16633302321458435    0.8618675453016966    0.44443377274597534   1.0                   0.29734759406075517   0.8611354087471647
[info] 0.022995059460687545   -0.24343542849901945   0.3376396525059278    0.5337715504405962     0.3328439220275864     0.2779418248216231    0.235708048408313     0.2852579047634949    0.27098573959084804    0.1376833838528431    0.11153225233813575   0.13285611879049444   0.11907661934167259    0.3305452384055552    0.2633452413893784    0.29734759406075517   1.0                   0.326699278383475
[info] -0.06449168209927862   -0.14427542710888383   0.1300486202053533    0.1889450105768829     0.32643125209891444    0.2666685543187501    0.22812607938620166   0.27905312931803916   0.271552692597438      0.29261570091304917   0.2623737561257516    0.2560056720897009    0.2199288215610566     0.9989746341358117    0.8363171323713104    0.8611354087471647    0.326699278383475     1.0
``` 

5. Most correlated rows

    * 0.8363171323713104, _c38
    * 0.8611354087471647, _c39
    * 0.9988605206369481, _c37

6. Classification

