1. Number rows and columns
    * 47 columns and 2946 rows

2. Values of last column
    * The last column has 5 distinct values. 

3. Counts of last column values
    * 0 has 642
    * 1 has 15
    * 2 has 1068
    * 3 has 29
    * 4 has 1192

4. Correlation Matrix

```
[info] 1.0                    0.19417824819213028    -0.007067549483664726  0.08725971232851822  -0.36493334264383337  -0.34161086960990655  -0.35924956588402235   -0.28253755867768804  -0.25261280837121625  -0.24303291297032067  -0.23691874444780292  -0.20628977106240204   -0.2816927761432942   -0.2372696419244624    -0.2330188807076804   -0.19919219904843663  -0.08144528779742635  -0.23186877862207925
[info] 0.19417824819213028    1.0                    -0.32677298896875906   -0.5168973599814735  -0.08399236325513247  -0.09273627473883804  -0.015086874030750734  -0.06378672233122339  -0.09019923910563717  0.02657724529485275   0.052452536223857205  -0.005820393263643198  -0.05094887229737269  -0.011996328462082867  -0.08026534162156751  0.05011077595826868   -0.03042931458366463  -0.009095473098590885
[info] -0.007067549483664726  -0.32677298896875906   1.0                    0.4513511446811363   0.13025980153177918   0.1436107823876678    0.04312059100972843    0.13008179338462583   0.12786624811355912   0.1436115944245238    0.11077589202341694   0.15314317613233863    0.05045276117750931   0.16902492183274645    0.1406426009077157    0.1641801143218573    0.1429836579145677    0.17172244901603995
[info] 0.08725971232851822    -0.5168973599814735    0.4513511446811363     1.0                  0.20712200339442463   0.17577504272516342   0.09641304853880237    0.18788338016607767   0.2627505752141426    0.1920584030973894    0.15783875458068972   0.19444206349508647    0.1625122503264178    0.2534531877934528     0.24209438938403194   0.21877015528463065   0.20005123101355896   0.2568570028488592
[info] -0.36493334264383337   -0.08399236325513247   0.13025980153177918    0.20712200339442463  1.0                   0.8802501650398       0.8572169488668401     0.8258730421586858    0.8934242931188602    0.8608156892935496    0.8312248865382719    0.7391558223478499     0.7437707213713985    0.8298605494714755     0.7658300956737633    0.7398864775151521    0.25945683994108626   0.8264418409859559
[info] -0.34161086960990655   -0.09273627473883804   0.1436107823876678     0.17577504272516342  0.8802501650398       1.0                   0.7263563340578099     0.6236979779380338    0.6946418496442668    0.7244013767516146    0.7455758141749833    0.5727587736736128     0.7100995870012136    0.7307629339815657     0.7257651556895672    0.6063759711412304    0.21270884975883045   0.7275759330944602
[info] -0.35924956588402235   -0.015086874030750734  0.04312059100972843    0.09641304853880237  0.8572169488668401    0.7263563340578099    1.0                    0.5648003069077387    0.6618192173727568    0.7124840618339472    0.7657308767927239    0.5286734225150166     0.628781413065816     0.6674492775898692     0.7075024599357893    0.514630157190902     0.15730815203068976   0.6608943307900765
[info] -0.28253755867768804   -0.06378672233122339   0.13008179338462583    0.18788338016607767  0.8258730421586858    0.6236979779380338    0.5648003069077387     1.0                   0.7432415465400503    0.8064966400907465    0.6718424112047067    0.8068390821814532     0.626944707245681     0.8070970912406247     0.5990376636783942    0.8477034637351134    0.23949008652480164   0.8033639523674029
[info] -0.25261280837121625   -0.09019923910563717   0.12786624811355912    0.2627505752141426   0.8934242931188602    0.6946418496442668    0.6618192173727568     0.7432415465400503    1.0                   0.7756523054259442    0.7069999418811702    0.7109214502094489     0.6234566269933328    0.7202583368553375     0.6290367902065775    0.6734937736040646    0.2931669156268432    0.7208273117609982
[info] -0.24303291297032067   0.02657724529485275    0.1436115944245238     0.1920584030973894   0.8608156892935496    0.7244013767516146    0.7124840618339472     0.8064966400907465    0.7756523054259442    1.0                   0.9197631406098714    0.9077021528986757     0.7458369213574995    0.8660967613621766     0.7628062603573179    0.8042376710185141    0.16619508860075988   0.8665955288187759
[info] -0.23691874444780292   0.052452536223857205   0.11077589202341694    0.15783875458068972  0.8312248865382719    0.7455758141749833    0.7657308767927239     0.6718424112047067    0.7069999418811702    0.9197631406098714    1.0                   0.6701830207671542     0.6948459404270872    0.79363399327938       0.7966693676971519    0.6511082347637046    0.11590747067408423   0.7928202875848676
[info] -0.20628977106240204   -0.005820393263643198  0.15314317613233863    0.19444206349508647  0.7391558223478499    0.5727587736736128    0.5286734225150166     0.8068390821814532    0.7109214502094489    0.9077021528986757    0.6701830207671542    1.0                    0.6675329526699225    0.7893331584371409     0.5907582418114107    0.8247352408007534    0.19036371080789094   0.7911463396687491
[info] -0.2816927761432942    -0.05094887229737269   0.05045276117750931    0.1625122503264178   0.7437707213713985    0.7100995870012136    0.628781413065816      0.626944707245681     0.6234566269933328    0.7458369213574995    0.6948459404270872    0.6675329526699225     1.0                   0.6886760075004207     0.6425744988939615    0.6078267221738425    0.16663056988418315   0.6869122687517137
[info] -0.2372696419244624    -0.011996328462082867  0.16902492183274645    0.2534531877934528   0.8298605494714755    0.7307629339815657    0.6674492775898692     0.8070970912406247    0.7202583368553375    0.8660967613621766    0.79363399327938      0.7893331584371409     0.6886760075004207    1.0                    0.8925930399322084    0.9181612158848065    0.19531371050485855   0.9988605206369481
[info] -0.2330188807076804    -0.08026534162156751   0.1406426009077157     0.24209438938403194  0.7658300956737633    0.7257651556895672    0.7075024599357893     0.5990376636783942    0.6290367902065775    0.7628062603573179    0.7966693676971519    0.5907582418114107     0.6425744988939615    0.8925930399322084     1.0                   0.6409091403592712    0.13620878337632544   0.891343425730345
[info] -0.19919219904843663   0.05011077595826868    0.1641801143218573     0.21877015528463065  0.7398864775151521    0.6063759711412304    0.514630157190902      0.8477034637351134    0.6734937736040646    0.8042376710185141    0.6511082347637046    0.8247352408007534     0.6078267221738425    0.9181612158848065     0.6409091403592712    1.0                   0.21283438874822647   0.9173193252150905
[info] -0.08144528779742635   -0.03042931458366463   0.1429836579145677     0.20005123101355896  0.25945683994108626   0.21270884975883045   0.15730815203068976    0.23949008652480164   0.2931669156268432    0.16619508860075988   0.11590747067408423   0.19036371080789094    0.16663056988418315   0.19531371050485855    0.13620878337632544   0.21283438874822647   1.0                   0.1857064104804158
[info] -0.23186877862207925   -0.009095473098590885  0.17172244901603995    0.2568570028488592   0.8264418409859559    0.7275759330944602    0.6608943307900765     0.8033639523674029    0.7208273117609982    0.8665955288187759    0.7928202875848676    0.7911463396687491     0.6869122687517137    0.9988605206369481     0.891343425730345     0.9173193252150905    0.1857064104804158    1.0
``` 